35
79
97
121
144
166
186
207
226
246
265
285
303
322
340
358
376
394
412
429
447
465
483
499
517
534
551
569
580
604
621
638
655
673
691
708
724
742
760
777
793
811
827
844
861
879
896
913
930
947
964
981
998
1016
1032
1049
1065
1082
1099
1117
1151
1188
1223
1260
1295
1330
1367
1386
1403
1420
1439
1457
1474
1491
1509
1526
1544
1562
1579
1597
1614
1631
1649
1666
1685
1703
1720
1738
1755
1772
1790
1807
1825
1842
1860
1878
1895
1913
1931
1948
1965
1983
2001
2018
2032
2053
2071
2088
2106
2124
2142
2159
2177
2194
2211
2228
2245
2262
2280
2297
2314
2332
2349
2367
2384
2401
2418
2435
2453
2470
2488
2506
2524
2541
2559
2576
2594
2612
2629
2647
2666
2682
2701
2736
2753
2771
2807
2842
2877
2913
2932
2948
2965
2983
3000
3018
3035
3053
3071
3088
3106
3118
3133
3157
3169
3184
3209
3227
3240
3261
3274
3297
3314
3332
3350
3367
3385
3400
3419
3436
3455
3471
3489
3500
3523
3540
3556
3573
3590
3607
3624
3641
3658
3675
3691
3708
3725
3737
3750
3775
3792
3809
3821
3852
