0.8126984126984127
1.8343764172335602
2.2523356009070294
2.809614512471655
3.3436734693877552
3.8545124716553287
4.31891156462585
4.806530612244898
5.2477097505668935
5.712108843537415
6.15328798185941
6.617687074829932
7.035646258503402
7.476825396825397
7.894784580498866
8.312743764172335
8.730702947845804
9.148662131519274
9.566621315192744
9.961360544217687
10.379319727891156
10.797278911564625
11.215238095238096
11.586757369614512
12.004716553287983
12.399455782312925
12.794195011337868
13.212154195011339
13.467573696145125
14.02485260770975
14.419591836734694
14.814331065759637
15.209070294784581
15.62702947845805
16.04498866213152
16.439727891156462
16.81124716553288
17.22920634920635
17.647165532879818
18.04190476190476
18.413424036281178
18.83138321995465
19.202902494331067
19.59764172335601
19.99238095238095
20.410340136054423
20.805079365079365
21.199818594104308
21.59455782312925
21.989297052154196
22.38403628117914
22.77877551020408
23.173514739229024
23.591473922902495
23.962993197278912
24.357732426303855
24.729251700680273
25.123990929705215
25.518730158730158
25.93668934240363
26.726167800453513
27.58530612244898
28.398004535147393
29.257142857142856
30.06984126984127
30.882539682539683
31.741678004535146
32.182857142857145
32.57759637188209
32.97233560090703
33.41351473922902
33.8314739229025
34.22621315192744
34.62095238095238
35.03891156462585
35.43365079365079
35.851609977324266
36.26956916099773
36.664308390022676
37.08226757369614
37.477006802721085
37.871746031746035
38.2897052154195
38.684444444444445
39.12562358276644
39.54358276643991
39.938321995464854
40.35628117913832
40.751020408163264
41.145759637188206
41.56371882086168
41.95845804988662
42.37641723356009
42.77115646258503
43.1891156462585
43.607074829931975
44.00181405895692
44.419773242630384
44.83773242630385
45.2324716553288
45.627210884353744
46.04517006802721
46.46312925170068
46.85786848072562
47.18294784580499
47.67056689342404
48.088526077097505
48.48326530612245
48.901224489795915
49.31918367346939
49.73714285714286
50.1318820861678
50.54984126984127
50.944580498866216
51.33931972789116
51.7340589569161
52.128798185941044
52.523537414965986
52.94149659863945
53.336235827664396
53.730975056689346
54.14893424036281
54.543673469387755
54.96163265306122
55.356371882086165
55.75111111111111
56.14585034013606
56.540589569161
56.95854875283447
57.35328798185941
57.77124716553288
58.18920634920635
58.60716553287982
59.00190476190476
59.41986394557823
59.81460317460318
60.232562358276645
60.65052154195011
61.045260770975055
61.46321995464853
61.90439909297052
62.27591836734694
62.71709750566893
63.52979591836735
63.92453514739229
64.34249433106577
65.1784126984127
65.99111111111111
66.80380952380952
67.63972789115647
68.08090702947845
68.45242630385488
68.84716553287981
69.26512471655329
69.65986394557824
70.0778231292517
70.47256235827665
70.89052154195011
71.30848072562358
71.70321995464853
72.12117913832199
72.3998185941043
72.7481179138322
73.30539682539683
73.58403628117914
73.93233560090702
74.51283446712019
74.93079365079365
75.2326530612245
75.72027210884353
76.02213151927438
76.55619047619048
76.95092970521542
77.36888888888889
77.78684807256236
78.1815873015873
78.59954648526077
78.94784580498866
79.38902494331066
79.7837641723356
80.2249433106576
80.59646258503402
81.01442176870748
81.26984126984127
81.80390022675736
82.19863945578231
82.57015873015872
82.96489795918367
83.35963718820862
83.75437641723356
84.14911564625851
84.54385487528344
84.9385941043084
85.33333333333333
85.70485260770975
86.09959183673469
86.49433106575964
86.77297052154195
87.07482993197279
87.65532879818593
88.05006802721088
88.44480725623583
88.72344671201814
89.44326530612246
