0.18575963718820862
0.8359183673469388
1.9272562358276644
3.0650340136054424
3.5526530612244898
4.040272108843538
4.527891156462585
4.992290249433107
5.410249433106576
5.851428571428571
6.2693877551020405
6.664126984126984
7.058866213151927
7.430385487528345
7.801904761904762
8.17342403628118
8.544943310657596
8.893242630385487
9.264761904761905
9.613061224489796
9.984580498866213
10.309659863945578
10.65795918367347
11.00625850340136
11.354557823129252
11.679637188208616
12.004716553287983
12.329795918367347
12.654875283446712
12.979954648526077
13.305034013605443
13.630113378684808
13.931972789115646
14.280272108843537
14.582131519274377
14.883990929705215
15.209070294784581
15.51092970521542
15.81278911564626
16.137868480725622
16.439727891156462
16.764807256235827
17.066666666666666
17.368526077097506
17.670385487528346
17.99546485260771
18.297324263038547
18.622403628117915
18.92426303854875
19.249342403628116
19.551201814058956
19.87628117913832
20.17814058956916
20.48
20.78185941043084
21.083718820861677
21.385578231292516
21.71065759637188
22.31437641723356
22.593015873015872
22.941315192743765
23.219954648526077
23.521814058956917
23.84689342403628
24.14875283446712
24.473832199546486
24.79891156462585
25.10077097505669
25.402630385487527
25.704489795918366
26.006349206349206
26.284988662131518
26.63328798185941
27.260226757369615
27.678185941043083
27.956825396825398
28.305124716553287
28.63020408163265
29.071383219954647
29.41968253968254
29.791201814058958
30.139501133786847
30.48780045351474
30.83609977324263
31.091519274376417
31.463038548752834
31.834557823129252
32.182857142857145
32.43827664399093
32.80979591836735
33.13487528344671
33.50639455782313
33.8314739229025
34.08689342403628
34.34231292517007
34.71383219954649
35.085351473922906
35.66585034013605
36.33922902494331
36.64108843537415
36.94294784580499
37.593106575963716
37.94140589569161
38.243265306122446
38.568344671201814
38.87020408163265
39.19528344671202
39.52036281179139
39.82222222222222
40.147301587301584
40.44916099773243
40.77424036281179
41.09931972789116
41.40117913832199
41.703038548752836
42.0281179138322
42.32997732426304
42.63183673469388
42.956916099773245
43.281995464852606
43.58385487528345
43.885714285714286
44.210793650793654
44.51265306122449
44.83773242630385
45.139591836734695
45.44145124716553
45.743310657596375
46.04517006802721
46.37024943310658
46.672108843537416
46.99718820861678
47.29904761904762
47.62412698412698
47.925986394557825
48.251065759637186
48.55292517006803
48.87800453514739
49.1566439909297
49.48172335600907
49.783582766439906
50.108662131519274
50.41052154195011
50.73560090702948
51.33931972789116
51.98947845804989
52.2681179138322
52.59319727891157
52.895056689342404
53.22013605442177
53.52199546485261
53.823854875283445
54.12571428571429
54.427573696145124
54.75265306122449
55.077732426303854
55.3795918367347
55.68145124716553
55.98331065759637
56.26195011337869
56.91210884353742
57.19074829931973
57.492607709750565
57.84090702947846
58.18920634920635
58.51428571428571
58.88580498866213
59.23410430839002
59.582403628117916
59.8378231292517
60.18612244897959
60.53442176870748
60.85950113378685
61.3471201814059
61.695419501133784
61.95083900226757
62.299138321995464
62.67065759637188
63.0421768707483
63.36725623582767
63.622675736961455
64.08707482993198
64.76045351473923
65.10875283446713
65.41061224489796
65.75891156462585
66.06077097505668
66.38585034013606
66.71092970521542
67.3146485260771
67.662947845805
67.96480725623583
68.26666666666667
68.59174603174603
68.9168253968254
69.21868480725624
69.5437641723356
69.86884353741496
70.19392290249434
70.49578231292517
70.82086167800453
71.12272108843537
71.44780045351474
71.7728798185941
72.09795918367347
72.3998185941043
72.72489795918368
73.04997732426304
73.35183673469388
73.67691609977324
74.00199546485261
74.32707482993197
74.65215419501133
74.95401360544217
75.27909297052155
75.60417233560091
75.90603174603174
76.2311111111111
76.55619047619048
76.88126984126984
77.2063492063492
77.50820861678004
77.83328798185941
78.15836734693877
78.48344671201814
78.80852607709751
79.11038548752835
79.43546485260771
79.76054421768707
80.08562358276644
80.38748299319728
80.71256235827664
81.037641723356
81.36272108843538
82.0128798185941
82.31473922902494
82.66303854875284
82.96489795918367
83.28997732426303
83.61505668934241
83.94013605442177
84.56707482993197
85.2172335600907
85.8441723356009
86.16925170068028
86.54077097505669
86.819410430839
87.1677097505669
88.56090702947846
