8
36
83
132
153
174
195
215
233
252
270
287
304
320
336
352
368
383
399
414
430
444
459
474
489
503
517
531
545
559
573
587
600
615
628
641
655
668
681
695
708
722
735
748
761
775
788
802
815
829
842
856
869
882
895
908
921
935
961
973
988
1000
1013
1027
1040
1054
1068
1081
1094
1107
1120
1132
1147
1174
1192
1204
1219
1233
1252
1267
1283
1298
1313
1328
1339
1355
1371
1386
1397
1413
1427
1443
1457
1468
1479
1495
1511
1536
1565
1578
1591
1619
1634
1647
1661
1674
1688
1702
1715
1729
1742
1756
1770
1783
1796
1810
1823
1836
1850
1864
1877
1890
1904
1917
1931
1944
1957
1970
1983
1997
2010
2024
2037
2051
2064
2078
2091
2105
2117
2131
2144
2158
2171
2185
2211
2239
2251
2265
2278
2292
2305
2318
2331
2344
2358
2372
2385
2398
2411
2423
2451
2463
2476
2491
2506
2520
2536
2551
2566
2577
2592
2607
2621
2642
2657
2668
2683
2699
2715
2729
2740
2760
2789
2804
2817
2832
2845
2859
2873
2899
2914
2927
2940
2954
2968
2981
2995
3009
3023
3036
3050
3063
3077
3091
3105
3118
3132
3146
3159
3173
3187
3201
3215
3228
3242
3256
3269
3283
3297
3311
3325
3338
3352
3366
3380
3394
3407
3421
3435
3449
3462
3476
3490
3504
3532
3545
3560
3573
3587
3601
3615
3642
3670
3697
3711
3727
3739
3754
3814
